SIN0=(0.0662762,1.0,1.18,MASK0)
SIN1=(0.03543319,2.0,-0.87,MASK0)
SIN2=(0.02682436,3.5,-0.17,MASK0)
SIN3=(0.02652259,4.0,-0.44,MASK0)
SIN4=(0.01454795,4.5,-1.03,MASK0)
SIN5=(0.01333827,5.5,-1.96,MASK0)
SIN6=(0.00791837,6.5,1.55,MASK0)
SIN7=(0.01333827,5.5,-1.96,MASK0)
SIN8=(0.01454795,4.5,-1.03,MASK0)
SIN9=(0.02652259,4.0,-0.44,MASK0)
SIN10=(0.02682436,3.5,-0.17,MASK0)
SIN11=(0.03543319,2.0,-0.87,MASK0)
SIN12=(0.0662762,1.0,1.18,MASK0)

