SIN0=(0.28033105,1.5,3.0,MASK0)
SIN1=(0.03887194,2.5,-1.85,MASK0)
SIN2=(0.14978467,3.5,-2.44,MASK0)
SIN3=(0.14311706,4.5,-0.37,MASK0)
SIN4=(0.09807677,5.5,1.05,MASK0)
SIN5=(0.05521299,6.0,-1.67,MASK0)
SIN6=(0.01161921,7.5,-0.93,MASK0)
SIN7=(0.00587614,8.0,-1.27,MASK0)
SIN8=(0.00717161,9.0,0.68,MASK0)
SIN9=(0.00378276,10.0,2.49,MASK0)
SIN10=(0.00101072,11.0,0.92,MASK0)
SIN11=(0.00296016,12.0,2.54,MASK0)
SIN12=(0.00130376,13.0,2.81,MASK0)
SIN13=(0.00272707,14.0,-2.81,MASK0)
SIN14=(0.0023424,15.0,-1.3,MASK0)
SIN15=(0.00104482,16.0,1.35,MASK0)
SIN16=(0.00035223,17.0,-2.38,MASK0)
SIN17=(0.00083953,18.0,1.79,MASK0)
SIN18=(0.00088821,18.5,-1.71,MASK0)
SIN19=(0.00048847,20.0,2.55,MASK0)
SIN20=(0.00089352,20.5,-1.63,MASK0)
SIN21=(0.00083953,18.0,1.79,MASK0)
SIN22=(0.00035223,17.0,-2.38,MASK0)
SIN23=(0.00104482,16.0,1.35,MASK0)
SIN24=(0.0023424,15.0,-1.3,MASK0)
SIN25=(0.00272707,14.0,-2.81,MASK0)
SIN26=(0.00130376,13.0,2.81,MASK0)
SIN27=(0.00296016,12.0,2.54,MASK0)
SIN28=(0.00101072,11.0,0.92,MASK0)
SIN29=(0.00378276,10.0,2.49,MASK0)
SIN30=(0.00717161,9.0,0.68,MASK0)
SIN31=(0.00587614,8.0,-1.27,MASK0)
SIN32=(0.01161921,7.5,-0.93,MASK0)
SIN33=(0.05521299,6.0,-1.67,MASK0)
SIN34=(0.09807677,5.5,1.05,MASK0)
SIN35=(0.14311706,4.5,-0.37,MASK0)
SIN36=(0.14978467,3.5,-2.44,MASK0)
SIN37=(0.03887194,2.5,-1.85,MASK0)
SIN38=(0.28033105,1.5,3.0,MASK0)

