SIN0=(0.95769608,1.5,3.09,MASK0)
SIN1=(0.46906246,2.5,-3.02,MASK0)
SIN2=(0.33518724,3.5,-1.84,MASK0)
SIN3=(0.22777359,4.0,1.47,MASK0)
SIN4=(0.14501228,5.5,0.82,MASK0)
SIN5=(0.10773482,6.0,-2.09,MASK0)
SIN6=(0.04224362,7.5,-2.3,MASK0)
SIN7=(0.01785498,8.5,-1.92,MASK0)
SIN8=(0.01139673,9.0,1.25,MASK0)
SIN9=(0.00807276,10.0,2.1,MASK0)
SIN10=(0.00273965,11.0,1.66,MASK0)
SIN11=(0.00492565,12.0,2.6,MASK0)
SIN12=(0.00415831,13.0,2.79,MASK0)
SIN13=(0.00553475,14.0,-2.89,MASK0)
SIN14=(0.00532152,15.0,-1.65,MASK0)
SIN15=(0.00245978,16.0,0.28,MASK0)
SIN16=(0.00109538,17.0,2.11,MASK0)
SIN17=(0.00231119,18.0,2.53,MASK0)
SIN18=(0.00173708,19.0,2.79,MASK0)
SIN19=(0.00143425,20.0,2.55,MASK0)
SIN20=(0.00204371,20.5,-1.62,MASK0)
SIN21=(0.00231119,18.0,2.53,MASK0)
SIN22=(0.00109538,17.0,2.11,MASK0)
SIN23=(0.00245978,16.0,0.28,MASK0)
SIN24=(0.00532152,15.0,-1.65,MASK0)
SIN25=(0.00553475,14.0,-2.89,MASK0)
SIN26=(0.00415831,13.0,2.79,MASK0)
SIN27=(0.00492565,12.0,2.6,MASK0)
SIN28=(0.00273965,11.0,1.66,MASK0)
SIN29=(0.00807276,10.0,2.1,MASK0)
SIN30=(0.01139673,9.0,1.25,MASK0)
SIN31=(0.01785498,8.5,-1.92,MASK0)
SIN32=(0.04224362,7.5,-2.3,MASK0)
SIN33=(0.10773482,6.0,-2.09,MASK0)
SIN34=(0.14501228,5.5,0.82,MASK0)
SIN35=(0.22777359,4.0,1.47,MASK0)
SIN36=(0.33518724,3.5,-1.84,MASK0)
SIN37=(0.46906246,2.5,-3.02,MASK0)
SIN38=(0.95769608,1.5,3.09,MASK0)

