SIN0=(0.13760198,1.0,-1.63,MASK0)
SIN1=(0.01837428,2.0,-1.58,MASK0)
SIN2=(0.00687029,3.5,-0.74,MASK0)
SIN3=(0.03351453,4.0,1.81,MASK0)
SIN4=(0.01538903,5.0,1.98,MASK0)
SIN5=(0.00224496,6.0,-1.99,MASK0)
SIN6=(0.00357827,7.5,-2.29,MASK0)
SIN7=(0.00113689,8.0,0.79,MASK0)
SIN8=(0.00267838,9.0,1.24,MASK0)
SIN9=(0.00197306,10.0,1.88,MASK0)
SIN10=(0.0014424,11.0,1.3,MASK0)
SIN11=(0.00088996,12.0,1.37,MASK0)
SIN12=(0.00086242,13.0,1.78,MASK0)
SIN13=(0.0004635,14.0,1.87,MASK0)
SIN14=(0.00036804,15.0,0.37,MASK0)
SIN15=(0.00054416,16.0,0.55,MASK0)
SIN16=(0.00043194,17.0,1.26,MASK0)
SIN17=(0.00044632,18.0,1.35,MASK0)
SIN18=(0.000314,19.0,1.52,MASK0)
SIN19=(0.00038468,20.0,1.1,MASK0)
SIN20=(0.00018369,21.0,1.11,MASK0)
SIN21=(0.00044632,18.0,1.35,MASK0)
SIN22=(0.00043194,17.0,1.26,MASK0)
SIN23=(0.00054416,16.0,0.55,MASK0)
SIN24=(0.00036804,15.0,0.37,MASK0)
SIN25=(0.0004635,14.0,1.87,MASK0)
SIN26=(0.00086242,13.0,1.78,MASK0)
SIN27=(0.00088996,12.0,1.37,MASK0)
SIN28=(0.0014424,11.0,1.3,MASK0)
SIN29=(0.00197306,10.0,1.88,MASK0)
SIN30=(0.00267838,9.0,1.24,MASK0)
SIN31=(0.00113689,8.0,0.79,MASK0)
SIN32=(0.00357827,7.5,-2.29,MASK0)
SIN33=(0.00224496,6.0,-1.99,MASK0)
SIN34=(0.01538903,5.0,1.98,MASK0)
SIN35=(0.03351453,4.0,1.81,MASK0)
SIN36=(0.00687029,3.5,-0.74,MASK0)
SIN37=(0.01837428,2.0,-1.58,MASK0)
SIN38=(0.13760198,1.0,-1.63,MASK0)

