SIN0=(0.27431452,1.5,-1.54,MASK0)
SIN1=(0.40619647,2.5,-2.44,MASK0)
SIN2=(0.23598471,3.5,2.26,MASK0)
SIN3=(0.1899617,4.5,-1.65,MASK0)
SIN4=(0.11594573,5.5,1.6,MASK0)
SIN5=(0.0752925,6.5,-2.31,MASK0)
SIN6=(0.02322534,7.5,2.22,MASK0)
SIN7=(0.01247925,8.0,-1.26,MASK0)
SIN8=(0.00920638,9.5,2.49,MASK0)
SIN9=(0.00837134,10.0,-1.34,MASK0)
SIN10=(0.00568302,11.5,2.58,MASK0)
SIN11=(0.00412653,12.0,-1.32,MASK0)
SIN12=(0.00444924,13.0,-1.48,MASK0)
SIN13=(0.00431935,14.5,2.33,MASK0)
SIN14=(0.0050851,15.0,-1.12,MASK0)
SIN15=(0.00290367,16.5,2.48,MASK0)
SIN16=(0.00273719,17.0,-1.68,MASK0)
SIN17=(0.00208532,18.0,-2.11,MASK0)
SIN18=(0.00220433,19.0,-1.61,MASK0)
SIN19=(0.00171498,20.0,-2.13,MASK0)
SIN20=(0.00139646,21.0,-1.62,MASK0)
SIN21=(0.00208532,18.0,-2.11,MASK0)
SIN22=(0.00273719,17.0,-1.68,MASK0)
SIN23=(0.00290367,16.5,2.48,MASK0)
SIN24=(0.0050851,15.0,-1.12,MASK0)
SIN25=(0.00431935,14.5,2.33,MASK0)
SIN26=(0.00444924,13.0,-1.48,MASK0)
SIN27=(0.00412653,12.0,-1.32,MASK0)
SIN28=(0.00568302,11.5,2.58,MASK0)
SIN29=(0.00837134,10.0,-1.34,MASK0)
SIN30=(0.00920638,9.5,2.49,MASK0)
SIN31=(0.01247925,8.0,-1.26,MASK0)
SIN32=(0.02322534,7.5,2.22,MASK0)
SIN33=(0.0752925,6.5,-2.31,MASK0)
SIN34=(0.11594573,5.5,1.6,MASK0)
SIN35=(0.1899617,4.5,-1.65,MASK0)
SIN36=(0.23598471,3.5,2.26,MASK0)
SIN37=(0.40619647,2.5,-2.44,MASK0)
SIN38=(0.27431452,1.5,-1.54,MASK0)

