SIN0=(0.47312592,1.5,2.37,MASK0)
SIN1=(0.40777445,2.5,0.51,MASK0)
SIN2=(0.36380978,3.5,-0.47,MASK0)
SIN3=(0.26288134,4.5,1.11,MASK0)
SIN4=(0.13500239,5.5,-1.19,MASK0)
SIN5=(0.11222195,6.5,0.46,MASK0)
SIN6=(0.03681823,7.5,-0.37,MASK0)
SIN7=(0.02237401,8.0,1.49,MASK0)
SIN8=(0.02341494,9.5,-0.45,MASK0)
SIN9=(0.02022391,10.0,1.6,MASK0)
SIN10=(0.012304,11.0,1.37,MASK0)
SIN11=(0.00964397,12.0,1.64,MASK0)
SIN12=(0.01069564,13.0,1.62,MASK0)
SIN13=(0.00844907,14.0,1.17,MASK0)
SIN14=(0.00995808,15.0,1.74,MASK0)
SIN15=(0.0063592,16.0,1.25,MASK0)
SIN16=(0.00577527,17.0,1.38,MASK0)
SIN17=(0.00526921,18.0,1.19,MASK0)
SIN18=(0.00519003,19.0,1.52,MASK0)
SIN19=(0.00372638,20.0,1.34,MASK0)
SIN20=(0.00324659,21.0,1.51,MASK0)
SIN21=(0.00526921,18.0,1.19,MASK0)
SIN22=(0.00577527,17.0,1.38,MASK0)
SIN23=(0.0063592,16.0,1.25,MASK0)
SIN24=(0.00995808,15.0,1.74,MASK0)
SIN25=(0.00844907,14.0,1.17,MASK0)
SIN26=(0.01069564,13.0,1.62,MASK0)
SIN27=(0.00964397,12.0,1.64,MASK0)
SIN28=(0.012304,11.0,1.37,MASK0)
SIN29=(0.02022391,10.0,1.6,MASK0)
SIN30=(0.02341494,9.5,-0.45,MASK0)
SIN31=(0.02237401,8.0,1.49,MASK0)
SIN32=(0.03681823,7.5,-0.37,MASK0)
SIN33=(0.11222195,6.5,0.46,MASK0)
SIN34=(0.13500239,5.5,-1.19,MASK0)
SIN35=(0.26288134,4.5,1.11,MASK0)
SIN36=(0.36380978,3.5,-0.47,MASK0)
SIN37=(0.40777445,2.5,0.51,MASK0)
SIN38=(0.47312592,1.5,2.37,MASK0)

