SIN0=(0.11476499,1.5,0.45,MASK0)
SIN1=(0.28987504,2.5,1.1,MASK0)
SIN2=(0.08595941,3.5,-2.26,MASK0)
SIN3=(0.28981507,4.5,1.22,MASK0)
SIN4=(0.17047586,5.5,-1.12,MASK0)
SIN5=(0.02697775,6.5,1.45,MASK0)
SIN6=(0.01124632,7.5,-2.39,MASK0)
SIN7=(0.02093665,8.5,0.54,MASK0)
SIN8=(0.00817316,9.5,-0.68,MASK0)
SIN9=(0.00538045,10.5,0.73,MASK0)
SIN10=(0.00656027,11.0,1.28,MASK0)
SIN11=(0.00440625,12.0,1.43,MASK0)
SIN12=(0.0032319,13.0,1.78,MASK0)
SIN13=(0.00549355,14.5,-0.84,MASK0)
SIN14=(0.00230793,15.0,1.79,MASK0)
SIN15=(0.00125983,16.5,-1.22,MASK0)
SIN16=(0.0029635,17.0,1.7,MASK0)
SIN17=(0.00194809,18.0,0.84,MASK0)
SIN18=(0.00136084,19.0,1.49,MASK0)
SIN19=(0.00179495,20.0,1.07,MASK0)
SIN20=(0.0015466,21.0,1.15,MASK0)
SIN21=(0.00194809,18.0,0.84,MASK0)
SIN22=(0.0029635,17.0,1.7,MASK0)
SIN23=(0.00125983,16.5,-1.22,MASK0)
SIN24=(0.00230793,15.0,1.79,MASK0)
SIN25=(0.00549355,14.5,-0.84,MASK0)
SIN26=(0.0032319,13.0,1.78,MASK0)
SIN27=(0.00440625,12.0,1.43,MASK0)
SIN28=(0.00656027,11.0,1.28,MASK0)
SIN29=(0.00538045,10.5,0.73,MASK0)
SIN30=(0.00817316,9.5,-0.68,MASK0)
SIN31=(0.02093665,8.5,0.54,MASK0)
SIN32=(0.01124632,7.5,-2.39,MASK0)
SIN33=(0.02697775,6.5,1.45,MASK0)
SIN34=(0.17047586,5.5,-1.12,MASK0)
SIN35=(0.28981507,4.5,1.22,MASK0)
SIN36=(0.08595941,3.5,-2.26,MASK0)
SIN37=(0.28987504,2.5,1.1,MASK0)
SIN38=(0.11476499,1.5,0.45,MASK0)

