SIN0=(0.19486067,1.5,0.69,MASK0)
SIN1=(0.32819957,2.5,1.02,MASK0)
SIN2=(0.08052016,3.5,-2.0,MASK0)
SIN3=(0.26426103,4.5,1.16,MASK0)
SIN4=(0.16001672,5.5,-1.11,MASK0)
SIN5=(0.02670485,6.5,1.55,MASK0)
SIN6=(0.01557734,7.5,-2.08,MASK0)
SIN7=(0.02047736,8.5,0.6,MASK0)
SIN8=(0.00821008,9.5,-0.78,MASK0)
SIN9=(0.00555023,10.5,0.69,MASK0)
SIN10=(0.00635446,11.0,1.15,MASK0)
SIN11=(0.00444901,12.0,1.43,MASK0)
SIN12=(0.00299898,13.0,1.74,MASK0)
SIN13=(0.00528961,14.5,-0.86,MASK0)
SIN14=(0.00212759,15.0,1.79,MASK0)
SIN15=(0.00164925,16.5,-1.35,MASK0)
SIN16=(0.00288414,17.0,1.72,MASK0)
SIN17=(0.00187646,18.5,-0.73,MASK0)
SIN18=(0.00137175,19.0,1.5,MASK0)
SIN19=(0.0017604,20.0,0.98,MASK0)
SIN20=(0.00151796,21.0,1.14,MASK0)
SIN21=(0.00187646,18.5,-0.73,MASK0)
SIN22=(0.00288414,17.0,1.72,MASK0)
SIN23=(0.00164925,16.5,-1.35,MASK0)
SIN24=(0.00212759,15.0,1.79,MASK0)
SIN25=(0.00528961,14.5,-0.86,MASK0)
SIN26=(0.00299898,13.0,1.74,MASK0)
SIN27=(0.00444901,12.0,1.43,MASK0)
SIN28=(0.00635446,11.0,1.15,MASK0)
SIN29=(0.00555023,10.5,0.69,MASK0)
SIN30=(0.00821008,9.5,-0.78,MASK0)
SIN31=(0.02047736,8.5,0.6,MASK0)
SIN32=(0.01557734,7.5,-2.08,MASK0)
SIN33=(0.02670485,6.5,1.55,MASK0)
SIN34=(0.16001672,5.5,-1.11,MASK0)
SIN35=(0.26426103,4.5,1.16,MASK0)
SIN36=(0.08052016,3.5,-2.0,MASK0)
SIN37=(0.32819957,2.5,1.02,MASK0)
SIN38=(0.19486067,1.5,0.69,MASK0)

