SIN0=(0.0655327,1.5,1.47,MASK0)
SIN1=(0.0206026,2.5,2.44,MASK0)
SIN2=(0.02334618,3.5,0.96,MASK0)
SIN3=(0.01796908,4.5,0.05,MASK0)
SIN4=(0.01443823,5.5,0.16,MASK0)
SIN5=(0.00511314,6.5,-0.88,MASK0)
SIN6=(0.00149017,7.5,-0.4,MASK0)
SIN7=(0.00129426,8.5,-0.3,MASK0)
SIN8=(0.00235534,9.5,0.44,MASK0)
SIN9=(0.00192346,10.0,1.41,MASK0)
SIN10=(0.00152956,11.0,1.39,MASK0)
SIN11=(0.00104819,12.0,1.29,MASK0)
SIN12=(0.00079981,13.0,1.49,MASK0)
SIN13=(0.00091721,14.0,1.51,MASK0)
SIN14=(0.00068598,15.0,1.04,MASK0)
SIN15=(0.00053359,16.0,1.19,MASK0)
SIN16=(0.00043074,17.0,1.17,MASK0)
SIN17=(0.00049974,18.0,1.62,MASK0)
SIN18=(0.00048264,19.0,1.28,MASK0)
SIN19=(0.00044624,20.0,1.24,MASK0)
SIN20=(0.00035278,21.0,1.13,MASK0)
SIN21=(0.00049974,18.0,1.62,MASK0)
SIN22=(0.00043074,17.0,1.17,MASK0)
SIN23=(0.00053359,16.0,1.19,MASK0)
SIN24=(0.00068598,15.0,1.04,MASK0)
SIN25=(0.00091721,14.0,1.51,MASK0)
SIN26=(0.00079981,13.0,1.49,MASK0)
SIN27=(0.00104819,12.0,1.29,MASK0)
SIN28=(0.00152956,11.0,1.39,MASK0)
SIN29=(0.00192346,10.0,1.41,MASK0)
SIN30=(0.00235534,9.5,0.44,MASK0)
SIN31=(0.00129426,8.5,-0.3,MASK0)
SIN32=(0.00149017,7.5,-0.4,MASK0)
SIN33=(0.00511314,6.5,-0.88,MASK0)
SIN34=(0.01443823,5.5,0.16,MASK0)
SIN35=(0.01796908,4.5,0.05,MASK0)
SIN36=(0.02334618,3.5,0.96,MASK0)
SIN37=(0.0206026,2.5,2.44,MASK0)
SIN38=(0.0655327,1.5,1.47,MASK0)

