SIN0=(0.37763239,1.5,2.17,MASK0)
SIN1=(0.49758215,2.5,0.55,MASK0)
SIN2=(0.42463862,3.5,-0.62,MASK0)
SIN3=(0.11686989,4.5,1.94,MASK0)
SIN4=(0.08492266,5.5,-2.16,MASK0)
SIN5=(0.12488022,6.5,0.62,MASK0)
SIN6=(0.04197462,7.5,-0.75,MASK0)
SIN7=(0.00682964,8.0,1.29,MASK0)
SIN8=(0.01028323,9.5,-0.41,MASK0)
SIN9=(0.01365623,10.0,1.62,MASK0)
SIN10=(0.00656735,11.5,-0.75,MASK0)
SIN11=(0.00440223,12.5,0.42,MASK0)
SIN12=(0.0058661,13.0,1.56,MASK0)
SIN13=(0.00333818,14.5,-0.55,MASK0)
SIN14=(0.00797452,15.0,1.98,MASK0)
SIN15=(0.00454798,16.0,0.96,MASK0)
SIN16=(0.00269922,17.0,1.27,MASK0)
SIN17=(0.00236222,18.0,1.22,MASK0)
SIN18=(0.00326769,19.0,1.55,MASK0)
SIN19=(0.0019128,20.0,0.94,MASK0)
SIN20=(0.00148112,21.0,1.78,MASK0)
SIN21=(0.00236222,18.0,1.22,MASK0)
SIN22=(0.00269922,17.0,1.27,MASK0)
SIN23=(0.00454798,16.0,0.96,MASK0)
SIN24=(0.00797452,15.0,1.98,MASK0)
SIN25=(0.00333818,14.5,-0.55,MASK0)
SIN26=(0.0058661,13.0,1.56,MASK0)
SIN27=(0.00440223,12.5,0.42,MASK0)
SIN28=(0.00656735,11.5,-0.75,MASK0)
SIN29=(0.01365623,10.0,1.62,MASK0)
SIN30=(0.01028323,9.5,-0.41,MASK0)
SIN31=(0.00682964,8.0,1.29,MASK0)
SIN32=(0.04197462,7.5,-0.75,MASK0)
SIN33=(0.12488022,6.5,0.62,MASK0)
SIN34=(0.08492266,5.5,-2.16,MASK0)
SIN35=(0.11686989,4.5,1.94,MASK0)
SIN36=(0.42463862,3.5,-0.62,MASK0)
SIN37=(0.49758215,2.5,0.55,MASK0)
SIN38=(0.37763239,1.5,2.17,MASK0)

