SIN0=(0.5940029,1.5,2.19,MASK0)
SIN1=(0.39185152,2.5,0.94,MASK0)
SIN2=(0.34425697,3.5,-0.02,MASK0)
SIN3=(0.21532281,4.5,0.86,MASK0)
SIN4=(0.09458952,5.5,-0.69,MASK0)
SIN5=(0.10522776,6.5,0.18,MASK0)
SIN6=(0.02708621,7.5,-0.54,MASK0)
SIN7=(0.02550155,8.0,1.5,MASK0)
SIN8=(0.02652583,9.5,-0.33,MASK0)
SIN9=(0.02293247,10.0,1.59,MASK0)
SIN10=(0.01691033,11.0,1.4,MASK0)
SIN11=(0.01120183,12.0,1.54,MASK0)
SIN12=(0.01163147,13.0,1.53,MASK0)
SIN13=(0.00951038,14.0,1.32,MASK0)
SIN14=(0.0107661,15.0,1.53,MASK0)
SIN15=(0.00657501,16.0,1.18,MASK0)
SIN16=(0.00662829,17.0,1.35,MASK0)
SIN17=(0.00632045,18.0,1.23,MASK0)
SIN18=(0.00589235,19.0,1.47,MASK0)
SIN19=(0.00487674,20.0,1.31,MASK0)
SIN20=(0.00380782,21.0,1.35,MASK0)
SIN21=(0.00632045,18.0,1.23,MASK0)
SIN22=(0.00662829,17.0,1.35,MASK0)
SIN23=(0.00657501,16.0,1.18,MASK0)
SIN24=(0.0107661,15.0,1.53,MASK0)
SIN25=(0.00951038,14.0,1.32,MASK0)
SIN26=(0.01163147,13.0,1.53,MASK0)
SIN27=(0.01120183,12.0,1.54,MASK0)
SIN28=(0.01691033,11.0,1.4,MASK0)
SIN29=(0.02293247,10.0,1.59,MASK0)
SIN30=(0.02652583,9.5,-0.33,MASK0)
SIN31=(0.02550155,8.0,1.5,MASK0)
SIN32=(0.02708621,7.5,-0.54,MASK0)
SIN33=(0.10522776,6.5,0.18,MASK0)
SIN34=(0.09458952,5.5,-0.69,MASK0)
SIN35=(0.21532281,4.5,0.86,MASK0)
SIN36=(0.34425697,3.5,-0.02,MASK0)
SIN37=(0.39185152,2.5,0.94,MASK0)
SIN38=(0.5940029,1.5,2.19,MASK0)

