SIN0=(0.39771925,1.5,1.97,MASK0)
SIN1=(0.5081481,2.5,0.47,MASK0)
SIN2=(0.43163127,3.5,-0.67,MASK0)
SIN3=(0.13925246,4.5,2.0,MASK0)
SIN4=(0.09919274,5.5,-2.17,MASK0)
SIN5=(0.13070601,6.5,0.67,MASK0)
SIN6=(0.04175509,7.5,-0.54,MASK0)
SIN7=(0.00927302,8.5,-0.52,MASK0)
SIN8=(0.01046085,9.5,-0.45,MASK0)
SIN9=(0.01239662,10.0,1.52,MASK0)
SIN10=(0.00516195,11.5,-0.75,MASK0)
SIN11=(0.00433887,12.5,0.53,MASK0)
SIN12=(0.00592817,13.0,1.57,MASK0)
SIN13=(0.00343525,14.5,-0.61,MASK0)
SIN14=(0.00808701,15.0,2.03,MASK0)
SIN15=(0.00463482,16.0,1.1,MASK0)
SIN16=(0.00282862,17.0,1.13,MASK0)
SIN17=(0.00238602,18.0,1.18,MASK0)
SIN18=(0.00303692,19.0,1.49,MASK0)
SIN19=(0.0016696,20.0,0.95,MASK0)
SIN20=(0.00144159,21.0,1.83,MASK0)
SIN21=(0.00238602,18.0,1.18,MASK0)
SIN22=(0.00282862,17.0,1.13,MASK0)
SIN23=(0.00463482,16.0,1.1,MASK0)
SIN24=(0.00808701,15.0,2.03,MASK0)
SIN25=(0.00343525,14.5,-0.61,MASK0)
SIN26=(0.00592817,13.0,1.57,MASK0)
SIN27=(0.00433887,12.5,0.53,MASK0)
SIN28=(0.00516195,11.5,-0.75,MASK0)
SIN29=(0.01239662,10.0,1.52,MASK0)
SIN30=(0.01046085,9.5,-0.45,MASK0)
SIN31=(0.00927302,8.5,-0.52,MASK0)
SIN32=(0.04175509,7.5,-0.54,MASK0)
SIN33=(0.13070601,6.5,0.67,MASK0)
SIN34=(0.09919274,5.5,-2.17,MASK0)
SIN35=(0.13925246,4.5,2.0,MASK0)
SIN36=(0.43163127,3.5,-0.67,MASK0)
SIN37=(0.5081481,2.5,0.47,MASK0)
SIN38=(0.39771925,1.5,1.97,MASK0)

