SIN0=(0.48389386,1.5,-0.42,MASK0)
SIN1=(0.07467162,2.5,1.26,MASK0)
SIN2=(0.14652056,3.5,0.96,MASK0)
SIN3=(0.12722946,4.0,-1.69,MASK0)
SIN4=(0.06981769,5.5,-2.21,MASK0)
SIN5=(0.05211485,6.0,1.2,MASK0)
SIN6=(0.01100053,7.5,2.02,MASK0)
SIN7=(0.01113772,8.5,1.19,MASK0)
SIN8=(0.00522082,9.0,-1.63,MASK0)
SIN9=(0.00494548,10.0,-1.72,MASK0)
SIN10=(0.00085312,11.0,-1.77,MASK0)
SIN11=(0.00297583,12.0,-0.93,MASK0)
SIN12=(0.00151786,13.0,-0.85,MASK0)
SIN13=(0.00156213,14.5,-1.12,MASK0)
SIN14=(0.00206267,15.0,1.79,MASK0)
SIN15=(0.00168211,16.0,-2.16,MASK0)
SIN16=(0.0008115,17.0,-2.67,MASK0)
SIN17=(0.00093895,18.0,-1.02,MASK0)
SIN18=(0.00069927,19.0,-1.59,MASK0)
SIN19=(0.00029825,20.0,-0.96,MASK0)
SIN20=(0.00055125,21.0,-0.52,MASK0)
SIN21=(0.00093895,18.0,-1.02,MASK0)
SIN22=(0.0008115,17.0,-2.67,MASK0)
SIN23=(0.00168211,16.0,-2.16,MASK0)
SIN24=(0.00206267,15.0,1.79,MASK0)
SIN25=(0.00156213,14.5,-1.12,MASK0)
SIN26=(0.00151786,13.0,-0.85,MASK0)
SIN27=(0.00297583,12.0,-0.93,MASK0)
SIN28=(0.00085312,11.0,-1.77,MASK0)
SIN29=(0.00494548,10.0,-1.72,MASK0)
SIN30=(0.00522082,9.0,-1.63,MASK0)
SIN31=(0.01113772,8.5,1.19,MASK0)
SIN32=(0.01100053,7.5,2.02,MASK0)
SIN33=(0.05211485,6.0,1.2,MASK0)
SIN34=(0.06981769,5.5,-2.21,MASK0)
SIN35=(0.12722946,4.0,-1.69,MASK0)
SIN36=(0.14652056,3.5,0.96,MASK0)
SIN37=(0.07467162,2.5,1.26,MASK0)
SIN38=(0.48389386,1.5,-0.42,MASK0)

