SIN0=(0.71257853,1.5,2.55,MASK0)
SIN1=(0.1104713,2.5,-1.83,MASK0)
SIN2=(0.15200789,3.5,-1.85,MASK0)
SIN3=(0.13066655,4.0,1.8,MASK0)
SIN4=(0.05351541,5.0,1.96,MASK0)
SIN5=(0.05191975,6.5,2.49,MASK0)
SIN6=(0.01038185,7.5,-1.06,MASK0)
SIN7=(0.0197244,8.5,-1.6,MASK0)
SIN8=(0.00742112,9.0,2.23,MASK0)
SIN9=(0.00887886,10.0,0.99,MASK0)
SIN10=(0.00088939,11.0,1.84,MASK0)
SIN11=(0.00336128,12.0,1.83,MASK0)
SIN12=(0.00205254,13.0,1.89,MASK0)
SIN13=(0.00078044,14.0,2.28,MASK0)
SIN14=(0.00178294,15.0,-1.31,MASK0)
SIN15=(0.00243517,16.0,0.8,MASK0)
SIN16=(0.00196311,17.0,0.5,MASK0)
SIN17=(0.00112662,18.0,2.31,MASK0)
SIN18=(0.00158818,19.0,0.92,MASK0)
SIN19=(0.00024183,20.0,1.2,MASK0)
SIN20=(0.00059784,21.0,1.98,MASK0)
SIN21=(0.00112662,18.0,2.31,MASK0)
SIN22=(0.00196311,17.0,0.5,MASK0)
SIN23=(0.00243517,16.0,0.8,MASK0)
SIN24=(0.00178294,15.0,-1.31,MASK0)
SIN25=(0.00078044,14.0,2.28,MASK0)
SIN26=(0.00205254,13.0,1.89,MASK0)
SIN27=(0.00336128,12.0,1.83,MASK0)
SIN28=(0.00088939,11.0,1.84,MASK0)
SIN29=(0.00887886,10.0,0.99,MASK0)
SIN30=(0.00742112,9.0,2.23,MASK0)
SIN31=(0.0197244,8.5,-1.6,MASK0)
SIN32=(0.01038185,7.5,-1.06,MASK0)
SIN33=(0.05191975,6.5,2.49,MASK0)
SIN34=(0.05351541,5.0,1.96,MASK0)
SIN35=(0.13066655,4.0,1.8,MASK0)
SIN36=(0.15200789,3.5,-1.85,MASK0)
SIN37=(0.1104713,2.5,-1.83,MASK0)
SIN38=(0.71257853,1.5,2.55,MASK0)

