SIN0=(0.85952004,1.5,2.54,MASK0)
SIN1=(0.13214038,2.5,-2.95,MASK0)
SIN2=(0.02351424,3.5,-1.81,MASK0)
SIN3=(0.05453765,4.0,1.58,MASK0)
SIN4=(0.03494337,5.5,0.9,MASK0)
SIN5=(0.04341922,6.0,-1.94,MASK0)
SIN6=(0.01573672,7.0,-0.97,MASK0)
SIN7=(0.02440005,8.5,-2.04,MASK0)
SIN8=(0.00542724,9.0,1.55,MASK0)
SIN9=(0.00664481,10.0,1.1,MASK0)
SIN10=(0.00233945,11.0,-0.87,MASK0)
SIN11=(0.00208504,12.0,0.65,MASK0)
SIN12=(0.00089276,13.5,-1.06,MASK0)
SIN13=(0.00141689,14.0,-1.24,MASK0)
SIN14=(0.00377026,15.0,-0.88,MASK0)
SIN15=(0.00324824,15.5,1.51,MASK0)
SIN16=(0.0030315,16.5,1.57,MASK0)
SIN17=(0.00061066,18.0,0.8,MASK0)
SIN18=(0.00175309,18.5,1.87,MASK0)
SIN19=(0.00152238,19.5,1.36,MASK0)
SIN20=(0.00093201,20.5,1.78,MASK0)
SIN21=(0.00061066,18.0,0.8,MASK0)
SIN22=(0.0030315,16.5,1.57,MASK0)
SIN23=(0.00324824,15.5,1.51,MASK0)
SIN24=(0.00377026,15.0,-0.88,MASK0)
SIN25=(0.00141689,14.0,-1.24,MASK0)
SIN26=(0.00089276,13.5,-1.06,MASK0)
SIN27=(0.00208504,12.0,0.65,MASK0)
SIN28=(0.00233945,11.0,-0.87,MASK0)
SIN29=(0.00664481,10.0,1.1,MASK0)
SIN30=(0.00542724,9.0,1.55,MASK0)
SIN31=(0.02440005,8.5,-2.04,MASK0)
SIN32=(0.01573672,7.0,-0.97,MASK0)
SIN33=(0.04341922,6.0,-1.94,MASK0)
SIN34=(0.03494337,5.5,0.9,MASK0)
SIN35=(0.05453765,4.0,1.58,MASK0)
SIN36=(0.02351424,3.5,-1.81,MASK0)
SIN37=(0.13214038,2.5,-2.95,MASK0)
SIN38=(0.85952004,1.5,2.54,MASK0)

