SIN0=(0.02580996,1.5,1.62,MASK0)
SIN1=(0.00615976,2.0,2.07,MASK0)
SIN2=(0.01095455,3.0,-0.36,MASK0)
SIN3=(0.0096866,4.0,2.23,MASK0)
SIN4=(0.00287972,4.5,1.52,MASK0)
SIN5=(0.006037,5.5,1.53,MASK0)
SIN6=(0.00472328,6.5,-1.55,MASK0)
SIN7=(0.006037,5.5,1.53,MASK0)
SIN8=(0.00287972,4.5,1.52,MASK0)
SIN9=(0.0096866,4.0,2.23,MASK0)
SIN10=(0.01095455,3.0,-0.36,MASK0)
SIN11=(0.00615976,2.0,2.07,MASK0)
SIN12=(0.02580996,1.5,1.62,MASK0)

