SIN0=(0.04527435,1.5,2.54,MASK0)
SIN1=(0.01535746,2.0,-2.08,MASK0)
SIN2=(0.01336061,3.0,-1.55,MASK0)
SIN3=(0.00487612,3.5,1.51,MASK0)
SIN4=(0.00602016,4.5,1.96,MASK0)
SIN5=(0.00269724,5.5,1.35,MASK0)
SIN6=(0.00058526,6.5,1.55,MASK0)
SIN7=(0.00269724,5.5,1.35,MASK0)
SIN8=(0.00602016,4.5,1.96,MASK0)
SIN9=(0.00487612,3.5,1.51,MASK0)
SIN10=(0.01336061,3.0,-1.55,MASK0)
SIN11=(0.01535746,2.0,-2.08,MASK0)
SIN12=(0.04527435,1.5,2.54,MASK0)

