SIN0=(0.01738951,1.5,-2.75,MASK0)
SIN1=(0.01602222,2.5,-1.47,MASK0)
SIN2=(0.01030064,3.0,2.65,MASK0)
SIN3=(0.00478871,4.0,-1.09,MASK0)
SIN4=(0.00207713,5.0,2.14,MASK0)
SIN5=(0.00542027,5.5,-1.35,MASK0)
SIN6=(0.00280415,6.5,1.55,MASK0)
SIN7=(0.00542027,5.5,-1.35,MASK0)
SIN8=(0.00207713,5.0,2.14,MASK0)
SIN9=(0.00478871,4.0,-1.09,MASK0)
SIN10=(0.01030064,3.0,2.65,MASK0)
SIN11=(0.01602222,2.5,-1.47,MASK0)
SIN12=(0.01738951,1.5,-2.75,MASK0)

