SIN0=(0.03834519,1.5,-0.43,MASK0)
SIN1=(0.02982483,2.0,-2.27,MASK0)
SIN2=(0.02468929,3.0,2.25,MASK0)
SIN3=(0.03202021,4.0,-0.3,MASK0)
SIN4=(0.01350993,4.5,-1.02,MASK0)
SIN5=(0.01484282,5.5,-2.35,MASK0)
SIN6=(0.0172806,6.5,1.55,MASK0)
SIN7=(0.01484282,5.5,-2.35,MASK0)
SIN8=(0.01350993,4.5,-1.02,MASK0)
SIN9=(0.03202021,4.0,-0.3,MASK0)
SIN10=(0.02468929,3.0,2.25,MASK0)
SIN11=(0.02982483,2.0,-2.27,MASK0)
SIN12=(0.03834519,1.5,-0.43,MASK0)

