SIN0=(0.0478832,1.5,-0.34,MASK0)
SIN1=(0.01325758,2.0,-2.28,MASK0)
SIN2=(0.01160846,3.0,2.81,MASK0)
SIN3=(0.01482691,4.0,-0.74,MASK0)
SIN4=(0.00456401,4.5,-1.33,MASK0)
SIN5=(0.00729914,5.5,-1.88,MASK0)
SIN6=(0.00664242,6.5,1.55,MASK0)
SIN7=(0.00729914,5.5,-1.88,MASK0)
SIN8=(0.00456401,4.5,-1.33,MASK0)
SIN9=(0.01482691,4.0,-0.74,MASK0)
SIN10=(0.01160846,3.0,2.81,MASK0)
SIN11=(0.01325758,2.0,-2.28,MASK0)
SIN12=(0.0478832,1.5,-0.34,MASK0)

